%% LaTeX2e file `innocentiU.txt'
%% generated by the `filecontents' environment
%% from source `main' on 2017/01/10.
%% x Usun (deltaU/U)exp (deltaU/U)mod (deltaU/U)lambda (deltaU/U)nF (deltaU/U)xfit (deltaU/U)x0 (DeltaU/U)sta (deltaU/U)con 
0.0084 1.539E+15 6.829E-03 1.170E-03 1.589E-04 1.004E-03 1.315E-02 1.591E-02 1.090E-02 3.823E-02
0.0099 1.540E+15 6.792E-03 1.169E-03 1.617E-04 1.013E-03 1.296E-02 1.583E-02 1.080E-02 3.792E-02
0.0116 1.540E+15 6.740E-03 1.169E-03 1.733E-04 1.027E-03 1.269E-02 1.571E-02 1.067E-02 3.751E-02
0.0136 1.542E+15 6.670E-03 1.233E-03 1.901E-04 1.046E-03 1.233E-02 1.555E-02 1.050E-02 3.702E-02
0.0160 1.543E+15 6.571E-03 1.242E-03 2.126E-04 1.071E-03 1.183E-02 1.533E-02 1.026E-02 3.626E-02
0.0188 1.544E+15 6.438E-03 1.424E-03 2.434E-04 1.106E-03 1.116E-02 1.503E-02 9.940E-03 3.540E-02
0.0221 1.546E+15 6.257E-03 1.545E-03 2.855E-04 1.154E-03 1.025E-02 1.462E-02 9.511E-03 3.411E-02
0.0260 1.549E+15 6.010E-03 1.638E-03 3.426E-04 1.219E-03 9.045E-03 1.407E-02 8.945E-03 3.232E-02
0.0305 1.551E+15 5.681E-03 1.590E-03 4.825E-04 1.305E-03 7.473E-03 1.332E-02 8.216E-03 2.985E-02
0.0357 1.554E+15 5.249E-03 1.449E-03 6.643E-04 1.419E-03 5.490E-03 1.234E-02 7.324E-03 2.661E-02
0.0416 1.557E+15 4.698E-03 1.348E-03 8.941E-04 1.566E-03 3.107E-03 1.109E-02 6.322E-03 2.271E-02
0.0482 1.560E+15 4.026E-03 1.346E-03 1.172E-03 1.746E-03 5.675E-04 9.564E-03 5.344E-03 1.842E-02
0.0555 1.562E+15 3.248E-03 1.408E-03 1.488E-03 1.957E-03 2.164E-03 7.783E-03 4.578E-03 1.805E-02
0.0634 1.563E+15 2.407E-03 1.472E-03 1.823E-03 2.189E-03 4.245E-03 5.833E-03 4.127E-03 1.797E-02
0.0717 1.561E+15 1.579E-03 1.473E-03 2.144E-03 2.429E-03 5.052E-03 3.853E-03 3.726E-03 1.653E-02
0.0805 1.557E+15 9.057E-04 1.542E-03 2.406E-03 2.661E-03 4.142E-03 2.035E-03 3.056E-03 1.369E-02
0.0896 1.549E+15 6.468E-04 1.549E-03 2.550E-03 2.852E-03 2.977E-03 6.362E-04 2.584E-03 1.121E-02
0.0992 1.538E+15 7.289E-04 1.496E-03 2.495E-03 2.962E-03 1.809E-03 3.901E-06 2.293E-03 9.494E-03
0.1093 1.523E+15 8.151E-04 1.576E-03 2.207E-03 2.993E-03 7.635E-04 0.000E+00 2.095E-03 8.354E-03
0.1200 1.501E+15 9.119E-04 1.553E-03 1.755E-03 2.977E-03 8.726E-05 0.000E+00 1.949E-03 7.284E-03
0.1315 1.473E+15 9.455E-04 1.441E-03 1.178E-03 2.886E-03 0.000E+00 0.000E+00 1.781E-03 6.452E-03
0.1440 1.438E+15 8.597E-04 1.313E-03 5.731E-04 2.690E-03 0.000E+00 0.000E+00 1.583E-03 5.435E-03
0.1575 1.394E+15 7.009E-04 1.130E-03 3.038E-04 2.352E-03 0.000E+00 0.000E+00 1.360E-03 4.487E-03
0.1722 1.342E+15 6.796E-04 1.230E-03 3.305E-04 1.866E-03 0.000E+00 0.000E+00 1.179E-03 4.105E-03
0.1880 1.283E+15 7.318E-04 1.313E-03 1.559E-04 1.280E-03 0.000E+00 0.000E+00 9.900E-04 3.480E-03
0.2045 1.221E+15 6.849E-04 1.143E-03 3.633E-04 7.345E-04 0.000E+00 0.000E+00 7.821E-04 2.926E-03
0.2216 1.157E+15 6.705E-04 1.109E-03 8.623E-04 4.040E-04 0.000E+00 0.000E+00 8.040E-04 3.045E-03
0.2389 1.096E+15 6.653E-04 1.336E-03 1.106E-03 3.668E-04 0.000E+00 0.000E+00 9.469E-04 3.474E-03
0.2564 1.037E+15 6.130E-04 1.415E-03 1.118E-03 4.892E-04 0.000E+00 0.000E+00 9.832E-04 3.635E-03
0.2744 9.814E+14 5.931E-04 1.373E-03 1.025E-03 6.370E-04 0.000E+00 0.000E+00 9.612E-04 3.629E-03
0.2927 9.286E+14 5.502E-04 1.606E-03 8.315E-04 7.288E-04 0.000E+00 0.000E+00 1.013E-03 3.716E-03
0.3107 8.811E+14 5.701E-04 1.590E-03 3.112E-04 7.928E-04 0.000E+00 0.000E+00 9.459E-04 3.264E-03
0.3286 8.373E+14 5.031E-04 1.402E-03 1.665E-04 8.328E-04 0.000E+00 0.000E+00 8.573E-04 2.904E-03
0.3466 7.958E+14 4.220E-04 1.380E-03 2.092E-05 8.116E-04 0.000E+00 0.000E+00 8.277E-04 2.634E-03
0.3646 7.564E+14 4.168E-04 1.511E-03 8.028E-04 7.492E-04 0.000E+00 0.000E+00 9.567E-04 3.479E-03
0.3829 7.198E+14 4.011E-04 1.463E-03 1.111E-03 7.803E-04 0.000E+00 0.000E+00 1.018E-03 3.755E-03
0.4013 6.858E+14 3.739E-04 1.456E-03 7.498E-04 9.174E-04 0.000E+00 0.000E+00 9.570E-04 3.497E-03
0.4198 6.535E+14 3.830E-04 1.606E-03 7.479E-04 1.007E-03 0.000E+00 0.000E+00 1.037E-03 3.744E-03
0.4385 6.229E+14 3.573E-04 1.878E-03 8.761E-04 9.760E-04 0.000E+00 0.000E+00 1.159E-03 4.087E-03
0.4575 5.942E+14 3.248E-04 2.010E-03 5.610E-04 9.858E-04 0.000E+00 0.000E+00 1.165E-03 3.882E-03
0.4768 5.670E+14 3.628E-04 2.076E-03 3.094E-04 1.107E-03 0.000E+00 0.000E+00 1.200E-03 3.856E-03
0.4963 5.404E+14 2.796E-04 1.966E-03 1.122E-03 1.106E-03 0.000E+00 0.000E+00 1.268E-03 4.474E-03
0.5160 5.154E+14 2.913E-04 1.775E-03 1.169E-03 1.070E-03 0.000E+00 0.000E+00 1.199E-03 4.305E-03
0.5360 4.916E+14 2.744E-04 1.787E-03 8.637E-04 1.140E-03 0.000E+00 0.000E+00 1.153E-03 4.065E-03
0.5562 4.686E+14 2.798E-04 1.987E-03 6.411E-04 1.199E-03 0.000E+00 0.000E+00 1.212E-03 4.106E-03
0.5765 4.464E+14 3.116E-04 1.916E-03 4.761E-04 1.179E-03 0.000E+00 0.000E+00 1.160E-03 3.882E-03
0.5968 4.248E+14 2.691E-04 1.953E-03 9.881E-04 1.298E-03 0.000E+00 0.000E+00 1.279E-03 4.508E-03
0.6172 4.040E+14 2.478E-04 1.544E-03 1.260E-03 1.238E-03 0.000E+00 0.000E+00 1.180E-03 4.290E-03
0.6374 3.837E+14 2.150E-04 1.871E-03 1.497E-03 1.288E-03 0.000E+00 0.000E+00 1.365E-03 4.872E-03
0.6574 3.638E+14 2.108E-04 1.861E-03 8.875E-04 1.423E-03 0.000E+00 0.000E+00 1.257E-03 4.383E-03
0.6769 3.435E+14 2.547E-04 1.593E-03 1.351E-04 1.479E-03 0.000E+00 0.000E+00 1.096E-03 3.462E-03
0.6957 3.218E+14 2.014E-04 2.392E-03 1.294E-03 1.622E-03 0.000E+00 0.000E+00 1.586E-03 5.508E-03
0.7131 2.991E+14 1.749E-04 2.170E-03 1.990E-03 1.821E-03 0.000E+00 0.000E+00 1.733E-03 6.155E-03
0.7298 2.751E+14 2.010E-04 2.095E-03 1.692E-03 2.014E-03 0.000E+00 0.000E+00 1.684E-03 6.002E-03
0.7461 2.529E+14 1.657E-04 2.068E-03 1.216E-03 2.155E-03 0.000E+00 0.000E+00 1.614E-03 5.604E-03
0.7619 2.321E+14 1.512E-04 2.196E-03 1.448E-03 2.272E-03 0.000E+00 0.000E+00 1.740E-03 6.067E-03
0.7772 2.127E+14 1.886E-04 2.334E-03 1.872E-03 2.344E-03 0.000E+00 0.000E+00 1.903E-03 6.738E-03
0.7920 1.946E+14 1.557E-04 2.381E-03 1.845E-03 2.390E-03 0.000E+00 0.000E+00 1.924E-03 6.771E-03
0.8063 1.779E+14 1.642E-04 2.641E-03 1.843E-03 2.575E-03 0.000E+00 0.000E+00 2.063E-03 7.224E-03
0.8199 1.623E+14 1.664E-04 3.086E-03 2.035E-03 2.850E-03 0.000E+00 0.000E+00 2.335E-03 8.137E-03
0.8329 1.478E+14 1.779E-04 3.271E-03 2.179E-03 2.969E-03 0.000E+00 0.000E+00 2.464E-03 8.597E-03
0.8453 1.345E+14 1.844E-04 3.385E-03 2.268E-03 3.035E-03 0.000E+00 0.000E+00 2.542E-03 8.872E-03
0.8571 1.222E+14 1.939E-04 3.700E-03 2.426E-03 3.281E-03 0.000E+00 0.000E+00 2.756E-03 9.600E-03
0.8682 1.109E+14 1.957E-04 4.087E-03 2.643E-03 3.659E-03 0.000E+00 0.000E+00 3.046E-03 1.058E-02
0.8786 1.005E+14 2.100E-04 4.209E-03 2.839E-03 3.945E-03 0.000E+00 0.000E+00 3.217E-03 1.120E-02
0.8884 9.099E+13 2.245E-04 4.166E-03 3.020E-03 4.157E-03 0.000E+00 0.000E+00 3.309E-03 1.157E-02
0.8975 8.229E+13 2.475E-04 3.969E-03 3.261E-03 4.460E-03 0.000E+00 0.000E+00 3.404E-03 1.194E-02
0.9060 7.435E+13 2.748E-04 3.865E-03 3.611E-03 4.958E-03 0.000E+00 0.000E+00 3.628E-03 1.271E-02
0.9139 6.712E+13 3.047E-04 3.810E-03 4.032E-03 5.591E-03 0.000E+00 0.000E+00 3.941E-03 1.374E-02
0.9211 6.054E+13 3.342E-04 3.663E-03 4.463E-03 6.215E-03 0.000E+00 0.000E+00 4.245E-03 1.467E-02
0.9278 5.457E+13 3.595E-04 3.464E-03 4.866E-03 6.722E-03 0.000E+00 0.000E+00 4.500E-03 1.541E-02
0.9340 4.915E+13 3.843E-04 3.496E-03 5.239E-03 7.195E-03 0.000E+00 0.000E+00 4.785E-03 1.631E-02
0.9397 4.424E+13 4.141E-04 3.814E-03 5.604E-03 7.701E-03 0.000E+00 0.000E+00 5.134E-03 1.753E-02
0.9449 3.980E+13 4.487E-04 4.083E-03 5.977E-03 8.294E-03 0.000E+00 0.000E+00 5.509E-03 1.880E-02
0.9496 3.578E+13 4.883E-04 4.579E-03 6.364E-03 8.998E-03 0.000E+00 0.000E+00 5.972E-03 2.043E-02
0.9540 3.215E+13 5.357E-04 5.507E-03 6.788E-03 9.830E-03 0.000E+00 0.000E+00 6.583E-03 2.266E-02
0.9579 2.887E+13 5.969E-04 6.528E-03 7.357E-03 1.085E-02 0.000E+00 0.000E+00 7.328E-03 2.533E-02
0.9616 2.591E+13 6.713E-04 7.725E-03 8.151E-03 1.212E-02 0.000E+00 0.000E+00 8.269E-03 2.867E-02
0.9649 2.323E+13 7.554E-04 9.347E-03 9.197E-03 1.365E-02 0.000E+00 0.000E+00 9.473E-03 3.295E-02
0.9679 2.083E+13 8.474E-04 1.094E-02 1.049E-02 1.539E-02 0.000E+00 0.000E+00 1.081E-02 3.767E-02
0.9706 1.867E+13 9.464E-04 1.263E-02 1.202E-02 1.729E-02 0.000E+00 0.000E+00 1.229E-02 4.289E-02
0.9732 1.673E+13 1.053E-03 1.519E-02 1.376E-02 1.933E-02 0.000E+00 0.000E+00 1.410E-02 4.933E-02
0.9755 1.499E+13 1.168E-03 1.821E-02 1.565E-02 2.148E-02 0.000E+00 0.000E+00 1.612E-02 5.651E-02
0.9776 1.344E+13 1.291E-03 2.145E-02 1.766E-02 2.368E-02 0.000E+00 0.000E+00 1.826E-02 6.408E-02
0.9795 1.204E+13 1.416E-03 2.568E-02 1.968E-02 2.584E-02 0.000E+00 0.000E+00 2.072E-02 7.262E-02
0.9812 1.079E+13 1.541E-03 3.015E-02 2.166E-02 2.791E-02 0.000E+00 0.000E+00 2.323E-02 8.126E-02
0.9828 9.674E+12 1.663E-03 3.416E-02 2.353E-02 2.985E-02 0.000E+00 0.000E+00 2.557E-02 8.921E-02
0.9842 8.665E+12 1.779E-03 3.766E-02 2.529E-02 3.165E-02 0.000E+00 0.000E+00 2.767E-02 9.637E-02
0.9854 7.757E+12 1.889E-03 4.018E-02 2.693E-02 3.331E-02 0.000E+00 0.000E+00 2.938E-02 1.023E-01
0.9866 6.943E+12 1.993E-03 4.193E-02 2.845E-02 3.484E-02 0.000E+00 0.000E+00 3.076E-02 1.072E-01
0.9876 6.214E+12 2.092E-03 4.315E-02 2.988E-02 3.625E-02 0.000E+00 0.000E+00 3.191E-02 1.114E-01
0.9886 5.566E+12 2.185E-03 4.406E-02 3.122E-02 3.757E-02 0.000E+00 0.000E+00 3.291E-02 1.150E-01
0.9895 4.991E+12 2.273E-03 4.498E-02 3.248E-02 3.881E-02 0.000E+00 0.000E+00 3.387E-02 1.185E-01
0.9903 4.482E+12 2.357E-03 4.627E-02 3.366E-02 3.996E-02 0.000E+00 0.000E+00 3.492E-02 1.222E-01
0.9911 4.033E+12 2.435E-03 4.798E-02 3.478E-02 4.103E-02 0.000E+00 0.000E+00 3.606E-02 1.262E-01
0.9918 3.639E+12 2.510E-03 4.943E-02 3.582E-02 4.203E-02 0.000E+00 0.000E+00 3.708E-02 1.298E-01
0.9925 3.290E+12 2.579E-03 5.046E-02 3.679E-02 4.296E-02 0.000E+00 0.000E+00 3.792E-02 1.328E-01
0.9931 2.981E+12 2.644E-03 5.045E-02 3.769E-02 4.381E-02 0.000E+00 0.000E+00 3.838E-02 1.346E-01
0.9937 2.708E+12 2.705E-03 4.942E-02 3.853E-02 4.460E-02 0.000E+00 0.000E+00 3.848E-02 1.353E-01
0.9942 2.465E+12 2.761E-03 4.791E-02 3.931E-02 4.534E-02 0.000E+00 0.000E+00 3.842E-02 1.353E-01
0.9947 2.250E+12 2.814E-03 4.631E-02 4.004E-02 4.602E-02 0.000E+00 0.000E+00 3.832E-02 1.352E-01
0.9952 2.059E+12 2.863E-03 4.491E-02 4.071E-02 4.664E-02 0.000E+00 0.000E+00 3.827E-02 1.351E-01
0.9957 1.889E+12 2.909E-03 4.377E-02 4.134E-02 4.723E-02 0.000E+00 0.000E+00 3.829E-02 1.352E-01
0.9961 1.736E+12 2.951E-03 4.320E-02 4.192E-02 4.776E-02 0.000E+00 0.000E+00 3.845E-02 1.358E-01
0.9964 1.599E+12 2.991E-03 4.347E-02 4.246E-02 4.826E-02 0.000E+00 0.000E+00 3.883E-02 1.372E-01
0.9968 1.474E+12 3.028E-03 4.475E-02 4.297E-02 4.872E-02 0.000E+00 0.000E+00 3.947E-02 1.395E-01
0.9971 1.360E+12 3.062E-03 4.750E-02 4.343E-02 4.914E-02 0.000E+00 0.000E+00 4.052E-02 1.431E-01
0.9974 1.256E+12 3.094E-03 5.212E-02 4.386E-02 4.953E-02 0.000E+00 0.000E+00 4.214E-02 1.486E-01
0.9977 1.160E+12 3.123E-03 5.917E-02 4.426E-02 4.989E-02 0.000E+00 0.000E+00 4.461E-02 1.564E-01
0.9980 1.070E+12 3.150E-03 6.888E-02 4.462E-02 5.022E-02 0.000E+00 0.000E+00 4.813E-02 1.669E-01
0.9982 9.852E+11 3.175E-03 8.197E-02 4.496E-02 5.052E-02 0.000E+00 0.000E+00 5.316E-02 1.806E-01
0.9984 9.046E+11 3.197E-03 9.911E-02 4.526E-02 5.079E-02 0.000E+00 0.000E+00 6.013E-02 1.984E-01
0.9986 8.266E+11 3.217E-03 1.204E-01 4.554E-02 5.104E-02 0.000E+00 0.000E+00 6.926E-02 2.202E-01
0.9988 7.502E+11 3.235E-03 1.452E-01 4.578E-02 5.125E-02 0.000E+00 0.000E+00 8.032E-02 2.454E-01
0.9989 6.751E+11 3.250E-03 1.720E-01 4.598E-02 5.143E-02 0.000E+00 0.000E+00 9.269E-02 2.727E-01
0.9990 6.019E+11 3.262E-03 2.003E-01 4.614E-02 5.158E-02 0.000E+00 0.000E+00 1.060E-01 3.013E-01
0.9991 5.340E+11 3.270E-03 2.295E-01 4.625E-02 5.167E-02 0.000E+00 0.000E+00 1.199E-01 3.307E-01
0.9992 4.739E+11 3.275E-03 1.744E-01 4.632E-02 5.173E-02 0.000E+00 0.000E+00 9.389E-02 2.758E-01
0.9992 4.239E+11 3.279E-03 4.945E-02 4.637E-02 5.178E-02 0.000E+00 0.000E+00 4.268E-02 1.509E-01
0.9992 3.881E+11 3.283E-03 4.003E-02 4.642E-02 5.182E-02 0.000E+00 0.000E+00 4.017E-02 1.416E-01
0.9993 3.524E+11 3.290E-03 3.167E-02 4.652E-02 5.191E-02 0.000E+00 0.000E+00 3.832E-02 1.334E-01
0.9995 3.067E+11 3.310E-03 2.935E-02 4.679E-02 5.215E-02 0.000E+00 0.000E+00 3.802E-02 1.316E-01
0.9997 2.780E+11 3.329E-03 4.248E-02 4.703E-02 5.237E-02 0.000E+00 0.000E+00 4.114E-02 1.452E-01
0.9999 2.713E+11 3.346E-03 2.949E-02 4.727E-02 5.257E-02 0.000E+00 0.000E+00 3.834E-02 1.327E-01
